   2.1813140e+02   1.0715289e+01   2.3530790e+02   1.5055029e+01   6.5481091e+00  -1.2735877e-01   2.3184601e+02   1.5894823e+01   2.3928725e+02   1.6502551e+01
   2.2991585e+02   1.7617652e+01   2.4814604e+02   2.2515420e+01   6.4690523e+00   7.9460463e-03   2.4476272e+02   2.3384727e+01   2.5260513e+02   2.4272561e+01
   2.3921932e+02   2.4474072e+01   2.5922913e+02   2.9924450e+01   6.3804687e+00   1.6470523e-01   2.5599616e+02   3.0794142e+01   2.6494004e+02   3.1995518e+01
   2.4543445e+02   3.1036283e+01   2.6770617e+02   3.7013332e+01   6.2907697e+00   3.4296495e-01   2.6467479e+02   3.7855601e+01   2.7530142e+02   3.9399097e+01
   2.4816432e+02   3.7052376e+01   2.7291098e+02   4.3501896e+01   6.2078732e+00   5.4119038e-01   2.7010959e+02   4.4293229e+01   2.8283534e+02   4.6196720e+01
   2.4724434e+02   4.2288606e+01   2.7441047e+02   4.9123414e+01   6.1385432e+00   7.5621882e-01   2.7184448e+02   4.9847093e+01   2.8689083e+02   5.2112074e+01
   2.4274741e+02   4.6550791e+01   2.7203505e+02   5.3650237e+01   6.0878286e+00   9.8334336e-01   2.6968860e+02   5.4298129e+01   2.8707035e+02   5.6905066e+01
   2.3497234e+02   4.9703399e+01   2.6588892e+02   5.6917911e+01   6.0586478e+00   1.2165289e+00   2.6372826e+02   5.7491332e+01   2.8326051e+02   6.0396862e+01
   2.2441713e+02   5.1684657e+01   2.5634003e+02   5.8845430e+01   6.0515556e+00   1.4487513e+00   2.5431797e+02   5.9355000e+01   2.7564060e+02   6.2491581e+01
   2.1173958e+02   5.2516247e+01   2.4399042e+02   5.9449555e+01   6.0647087e+00   1.6724371e+00   2.4205146e+02   5.9914024e+01   2.6466833e+02   6.3192413e+01
   1.9770851e+02   5.2306625e+01   2.2962978e+02   5.8851533e+01   6.0940340e+00   1.8799732e+00   2.2771523e+02   5.9295696e+01   2.5104413e+02   6.2610296e+01
   1.8314945e+02   5.1247490e+01   2.1417574e+02   5.7275213e+01   6.1335819e+00   2.0642458e+00   2.1222851e+02   5.7727115e+01   2.3565689e+02   6.0963846e+01
   1.6888898e+02   4.9603491e+01   1.9860585e+02   5.5036227e+01   6.1760332e+00   2.2191655e+00   1.9657441e+02   5.5523931e+01   2.1951546e+02   5.8570000e+01
   1.5570153e+02   4.7695813e+01   1.8388631e+02   5.2522710e+01   6.2133150e+00   2.3401330e+00   1.8172757e+02   5.3070977e+01   2.0367157e+02   5.5825584e+01
   1.4426227e+02   4.5880769e+01   1.7090299e+02   5.0168786e+01   6.2372717e+00   2.4244061e+00   1.6858399e+02   5.0796005e+01   1.8914007e+02   5.3180863e+01
   1.3510902e+02   4.4524982e+01   1.6039967e+02   4.8422715e+01   6.2403330e+00   2.4713311e+00   1.5789814e+02   4.9138442e+01   1.7682295e+02   5.1106887e+01
   1.2861516e+02   4.3978967e+01   1.5292800e+02   4.7712128e+01   6.2161230e+00   2.4824191e+00   1.5023186e+02   4.8515509e+01   1.6744272e+02   5.0059055e+01
   1.2497480e+02   4.4551127e+01   1.4881253e+02   4.8409120e+01   6.1599588e+00   2.4612536e+00   1.4591868e+02   4.9288415e+01   1.6149042e+02   5.0439789e+01
   1.2420020e+02   4.6484116e+01   1.4813296e+02   5.0798059e+01   6.0691994e+00   2.4132352e+00   1.4504558e+02   5.1731367e+01   1.5919190e+02   5.2563364e+01
   1.2613098e+02   4.9935381e+01   1.5072433e+02   5.5048856e+01   5.9434173e+00   2.3451809e+00   1.4745314e+02   5.6006017e+01   1.6049474e+02   5.6625934e+01
   1.3045334e+02   5.4963365e+01   1.5619471e+02   6.1198041e+01   5.7843836e+00   2.2648088e+00   1.5275332e+02   6.2143575e+01   1.6507630e+02   6.2683455e+01
   1.3672742e+02   6.1520437e+01   1.6395832e+02   6.9139440e+01   5.5958717e+00   2.1801502e+00   1.6036310e+02   7.0036263e+01   1.7237196e+02   7.0639618e+01
   1.4442025e+02   6.9453113e+01   1.7328128e+02   7.8625503e+01   5.3833013e+00   2.0989365e+00   1.6955070e+02   7.9439049e+01   1.8162094e+02   8.0245223e+01
   1.5294154e+02   7.8509581e+01   1.8333603e+02   8.9279467e+01   5.1532582e+00   2.0280130e+00   1.7949067e+02   8.9981824e+01   1.9192562e+02   9.1109434e+01
   1.6167999e+02   8.8354026e+01   1.9326035e+02   1.0061773e+02   4.9129354e+00   1.9728288e+00   1.8932333e+02   1.0119132e+02   2.0231970e+02   1.0272249e+02
   1.7003752e+02   9.8586731e+01   2.0221631e+02   1.1208093e+02   4.6695447e+00   1.9370450e+00   1.9821409e+02   1.1252130e+02   2.1183956e+02   1.1448845e+02
   1.7745971e+02   1.0876857e+02   2.0944514e+02   1.2307152e+02   4.4297522e+00   1.9222961e+00   2.0540830e+02   1.2338892e+02   2.1959349e+02   1.2576566e+02
   1.8346091e+02   1.1844816e+02   2.1431413e+02   1.3299512e+02   4.1991858e+00   1.9281232e+00   2.1027801e+02   1.3321460e+02   2.2482343e+02   1.3591211e+02
   1.8764316e+02   1.2718985e+02   2.1635279e+02   1.4130258e+02   3.9820537e+00   1.9520859e+00   2.1235750e+02   1.4146240e+02   2.2695493e+02   1.4433225e+02
   1.8970874e+02   1.3460060e+02   2.1527616e+02   1.4752960e+02   3.7809039e+00   1.9900409e+00   2.1136589e+02   1.4767805e+02   2.2563193e+02   1.5052158e+02
   1.8946627e+02   1.4035407e+02   2.1099438e+02   1.5133085e+02   3.5965403e+00   2.0365639e+00   2.0721582e+02   1.5152171e+02   2.2073429e+02   1.5410582e+02
   1.8683120e+02   1.4421032e+02   2.0360870e+02   1.5250618e+02   3.4280946e+00   2.0854767e+00   2.0000849e+02   1.5279306e+02   2.1237747e+02   1.5487127e+02
   1.8182132e+02   1.4603001e+02   1.9339497e+02   1.5101683e+02   3.2732416e+00   2.1304333e+00   1.9001638e+02   1.5144685e+02   2.0089517e+02   1.5278418e+02
   1.7454847e+02   1.4578220e+02   1.8077668e+02   1.4699037e+02   3.1285313e+00   2.1655121e+00   1.7765568e+02   1.4759786e+02   1.8680691e+02   1.4799736e+02
   1.6520741e+02   1.4354564e+02   1.6629001e+02   1.4071421e+02   2.9898018e+00   2.1857638e+00   1.6345115e+02   1.4151492e+02   1.7077382e+02   1.4084344e+02
   1.5406280e+02   1.3950344e+02   1.5054400e+02   1.3261798e+02   2.8526303e+00   2.1876664e+00   1.4799651e+02   1.3360447e+02   1.5354644e+02   1.3181520e+02
   1.4143523e+02   1.3393187e+02   1.3417887e+02   1.2324626e+02   2.7127795e+00   2.1694462e+00   1.3191344e+02   1.2438488e+02   1.3590892e+02   1.2153425e+02
   1.2768692e+02   1.2718405e+02   1.1782552e+02   1.1322353e+02   2.5665968e+00   2.1312402e+00   1.1581224e+02   1.1445362e+02   1.1862401e+02   1.1071045e+02
   1.1320741e+02   1.1966980e+02   1.0206886e+02   1.0321409e+02   2.4113303e+00   2.0750835e+00   1.0025677e+02   1.0444944e+02   1.0238283e+02   1.0009483e+02
   9.8399672e+01   1.1183301e+02   8.7417144e+01   9.3879679e+01   2.2453364e+00   2.0047271e+00   8.5735533e+01   9.5012451e+01   8.7762989e+01   9.0429616e+01
   8.3666593e+01   1.0412784e+02   7.4278799e+01   8.5837873e+01   2.0681643e+00   1.9253015e+00   7.2640534e+01   8.6744767e+01   7.5197551e+01   8.2398929e+01
   6.9397978e+01   9.6995418e+01   6.2947579e+01   7.9624091e+01   1.8805138e+00   1.8428582e+00   6.1254253e+01   8.0174471e+01   6.4956523e+01   7.6583584e+01
   5.5957997e+01   9.0842021e+01   5.3596204e+01   7.5659749e+01   1.6840794e+00   1.7638312e+00   5.1744913e+01   7.5725136e+01   5.7141270e+01   7.3423318e+01
   4.3673172e+01   8.6020086e+01   4.6277966e+01   7.4228533e+01   1.4812999e+00   1.6944671e+00   4.4169245e+01   7.3692813e+01   5.1691359e+01   7.3188940e+01
   3.2821055e+01   8.2812776e+01   4.0935326e+01   7.5462151e+01   1.2750443e+00   1.6402741e+00   3.8481622e+01   7.4231701e+01   4.8402304e+01   7.5966219e+01
   2.3619871e+01   8.1422731e+01   3.7414078e+01   7.9336168e+01   1.0682702e+00   1.6055408e+00   3.4548072e+01   7.7349082e+01   4.6951978e+01   8.1652425e+01
   1.6219544e+01   8.1965269e+01   3.5481476e+01   8.5675791e+01   8.6369030e-01   1.5929648e+00   3.2163495e+01   8.2909427e+01   4.6932926e+01   8.9965456e+01
   1.0694623e+01   8.4466077e+01   3.4846628e+01   9.4170774e+01   6.6348222e-01   1.6034246e+00   3.1070416e+01   9.0646928e+01   4.7887579e+01   1.0046459e+02
   7.0396878e+00   8.8863149e+01   3.5181537e+01   1.0439801e+02   4.6907199e-01   1.6359130e+00   3.0977771e+01   1.0018519e+02   4.9343402e+01   1.1258108e+02
   5.1678029e+00   9.5012557e+01   3.6141362e+01   1.1584989e+02   2.8101066e-01   1.6876358e+00   3.1578454e+01   1.1106237e+02   5.0845274e+01   1.2565614e+02
   4.9125183e+00   1.0269746e+02   3.7382762e+01   1.2796633e+02   9.8955309e-02   1.7542651e+00   3.2564702e+01   1.2275990e+02   5.1982878e+01   1.3898348e+02
   6.0337311e+00   1.1163973e+02   3.8579524e+01   1.4016795e+02  -7.8246512e-02   1.8303226e+00   3.3640774e+01   1.3473260e+02   5.2411521e+01   1.5185320e+02
   8.2275093e+00   1.2151337e+02   3.9434991e+01   1.5188849e+02  -2.5238063e-01   1.9096564e+00   3.4532714e+01   1.4643831e+02   5.1865515e+01   1.6359414e+02
   1.1139685e+01   1.3195918e+02   3.9691182e+01   1.6260412e+02  -4.2561975e-01   1.9859681e+00   3.4995310e+01   1.5736526e+02   5.0163942e+01   1.7361176e+02
   1.4382719e+01   1.4259980e+02   3.9134711e+01   1.7185825e+02  -6.0023501e-01   2.0533423e+00   3.4816620e+01   1.6705564e+02   4.7209338e+01   1.8141923e+02
   1.7555030e+01   1.5305473e+02   3.7599879e+01   1.7928056e+02  -7.7829851e-01   2.1067310e+00   3.3820528e+01   1.7512428e+02   4.2980345e+01   1.8666014e+02
   2.0261724e+01   1.6295455e+02   3.4969379e+01   1.8459953e+02  -9.6141006e-01   2.1423516e+00   3.1867911e+01   1.8127196e+02   3.7519814e+01   1.8912162e+02
   2.2135455e+01   1.7195421e+02   3.1173143e+01   1.8764843e+02  -1.1504789e+00   2.1579643e+00   2.8856899e+01   1.8529294e+02   3.0920035e+01   1.8873786e+02
   2.2856052e+01   1.7974465e+02   2.6185832e+01   1.8836490e+02  -1.3455851e+00   2.1530084e+00   2.4722650e+01   1.8707705e+02   2.3306847e+01   1.8558420e+02
   2.2167549e+01   1.8606289e+02   2.0023368e+01   1.8678506e+02  -1.5459369e+00   2.1285870e+00   1.9436860e+01   1.8660676e+02   1.4824221e+01   1.7986310e+02
   1.9891382e+01   1.9070001e+02   1.2738834e+01   1.8303291e+02  -1.7499297e+00   2.0873079e+00   1.3007102e+01   1.8395020e+02   5.6206581e+00   1.7188353e+02
   1.5934768e+01   1.9350710e+02   4.4179367e+00   1.7730648e+02  -1.9553022e+00   2.0329976e+00   5.4758665e+00   1.7925080e+02  -4.1616296e+00   1.6203558e+02
   1.0293586e+01   1.9439899e+02  -4.8259067e+00   1.6986182e+02  -2.1593735e+00   1.9703191e+00  -3.0809008e+00   1.7271485e+02  -1.4394230e+01   1.5076264e+02
   3.0495230e+00   1.9335570e+02  -1.4856827e+01   1.6099613e+02  -2.3593387e+00   1.9043306e+00  -1.2556079e+01   1.6459765e+02  -2.4966623e+01   1.3853300e+02
  -5.6383569e+00   1.9042172e+02  -2.5522169e+01   1.5103121e+02  -2.5525900e+00   1.8400274e+00  -2.2814783e+01   1.5518947e+02  -3.5787152e+01   1.2581299e+02
  -1.5546990e+01   1.8570296e+02  -3.6658600e+01   1.4029803e+02  -2.7370310e+00   1.7819099e+00  -3.3699141e+01   1.4480172e+02  -4.6781482e+01   1.1304312e+02
  -2.6406639e+01   1.7936169e+02  -4.8098647e+01   1.2912316e+02  -2.9113495e+00   1.7336156e+00  -4.5034589e+01   1.3375412e+02  -5.7889374e+01   1.0061867e+02
  -3.7920850e+01   1.7160952e+02  -5.9677607e+01   1.1781748e+02  -3.0752184e+00   1.6976476e+00  -5.6637601e+01   1.2236316e+02  -6.9060683e+01   8.8875222e+01
  -4.9787518e+01   1.6269862e+02  -7.1240633e+01   1.0666724e+02  -3.2294010e+00   1.6752193e+00  -6.8324658e+01   1.1093202e+02  -8.0251471e+01   7.8079673e+01
  -6.1719459e+01   1.5291165e+02  -8.2649734e+01   9.5927552e+01  -3.3757457e+00   1.6662271e+00  -7.9921982e+01   9.9742112e+01  -9.1420987e+01   6.8426503e+01
  -7.3462964e+01   1.4255058e+02  -9.3790335e+01   8.5818069e+01  -3.5170663e+00   1.6693456e+00  -9.1275459e+01   8.9046158e+01  -1.0253005e+02   6.0038795e+01
  -8.4812970e+01   1.3192498e+02  -1.0457696e+02   7.6520465e+01  -3.6569156e+00   1.6822322e+00  -1.0226002e+02   7.9062768e+01  -1.1354111e+02   5.2973242e+01
  -9.5623826e+01   1.2134010e+02  -1.1495762e+02   6.8177497e+01  -3.7992702e+00   1.7018157e+00  -1.1278772e+02   6.9972407e+01  -1.2441992e+02   4.7228186e+01
  -1.0581498e+02   1.1108544e+02  -1.2491651e+02   6.0893232e+01  -3.9481539e+00   1.7246354e+00  -1.2281375e+02   6.1914689e+01  -1.3513861e+02   4.2753632e+01
  -1.1537137e+02   1.0142407e+02  -1.3447466e+02   5.4734173e+01  -4.1072337e+00   1.7471958e+00  -1.3233977e+02   5.4986957e+01  -1.4567956e+02   3.9462251e+01
  -1.2433881e+02   9.2583330e+01  -1.4368840e+02   4.9731071e+01  -4.2794260e+00   1.7662991e+00  -1.4141415e+02   4.9244154e+01  -1.5603948e+02   3.7240442e+01
  -1.3281485e+02   8.4747202e+01  -1.5264556e+02   4.5881282e+01  -4.4665508e+00   1.7793224e+00  -1.5012882e+02   4.4699979e+01  -1.6623293e+02   3.5958746e+01
  -1.4093635e+02   7.8050692e+01  -1.6145950e+02   4.3151618e+01  -4.6690681e+00   1.7844130e+00  -1.5861288e+02   4.1329375e+01  -1.7629469e+02   3.5481052e+01
  -1.4886473e+02   7.2576424e+01  -1.7026145e+02   4.1481663e+01  -4.8859217e+00   1.7805838e+00  -1.6702326e+02   3.9072339e+01  -1.8628032e+02   3.5672299e+01
  -1.5677049e+02   6.8353515e+01  -1.7919141e+02   4.0787583e+01  -5.1145117e+00   1.7677028e+00  -1.7553314e+02   3.7838982e+01  -1.9626457e+02   3.6404511e+01
  -1.6481813e+02   6.5358678e+01  -1.8838840e+02   4.0966405e+01  -5.3507981e+00   1.7463813e+00  -1.8431877e+02   3.7515722e+01  -2.0633764e+02   3.7561227e+01
  -1.7315290e+02   6.3519394e+01  -1.9798056e+02   4.1900733e+01  -5.5895328e+00   1.7177761e+00  -1.9354587e+02   3.7972337e+01  -2.1659921e+02   3.9040429e+01
  -1.8189019e+02   6.2718879e+01  -2.0807595e+02   4.3463786e+01  -5.8246020e+00   1.6833299e+00  -2.0335649e+02   3.9069566e+01  -2.2715084e+02   4.0756209e+01
  -1.9110832e+02   6.2802508e+01  -2.1875455e+02   4.5524561e+01  -6.0494517e+00   1.6444815e+00  -2.1385743e+02   4.0666791e+01  -2.3808713e+02   4.2639348e+01
  -2.0084501e+02   6.3585278e+01  -2.3006202e+02   4.7952876e+01  -6.2575613e+00   1.6023794e+00  -2.2511095e+02   4.2629300e+01  -2.4948653e+02   4.4637032e+01
  -2.1109742e+02   6.4859907e+01  -2.4200567e+02   5.0623969e+01  -6.4429266e+00   1.5576327e+00  -2.3712863e+02   4.4834597e+01  -2.6140252e+02   4.6711814e+01
  -2.2182535e+02   6.6405160e+01  -2.5455272e+02   5.3422326e+01  -6.6005115e+00   1.5101279e+00  -2.4986869e+02   4.7177246e+01  -2.7385596e+02   4.8839911e+01
  -2.3295699e+02   6.7994039e+01  -2.6763106e+02   5.6244416e+01  -6.7266286e+00   1.4589366e+00  -2.6323683e+02   4.9571805e+01  -2.8682936e+02   5.1008865e+01
  -2.4439613e+02   6.9401546e+01  -2.8113203e+02   5.9000076e+01  -6.8192203e+00   1.4023251e+00  -2.7709061e+02   5.1953560e+01  -3.0026345e+02   5.3214552e+01
  -2.5603005e+02   7.0411786e+01  -2.9491522e+02   6.1612399e+01  -6.8780127e+00   1.3378700e+00  -2.9124668e+02   5.4276931e+01  -3.1405661e+02   5.5457535e+01
  -2.6773708e+02   7.0824295e+01  -3.0881458e+02   6.4016101e+01  -6.9045332e+00   1.2626707e+00  -3.0549048e+02   5.6511636e+01  -3.2806700e+02   5.7738797e+01
  -2.7939292e+02   7.0459522e+01  -3.2264539e+02   6.6154519e+01  -6.9019879e+00   1.1736400e+00  -3.1958722e+02   5.8636939e+01  -3.4211741e+02   6.0054945e+01
  -2.9087535e+02   6.9163476e+01  -3.3621163e+02   6.7975542e+01  -6.8750124e+00   1.0678447e+00  -3.3329365e+02   6.0634495e+01  -3.5600230e+02   6.2393080e+01
  -3.0206675e+02   6.6811590e+01  -3.4931309e+02   6.9426931e+01  -6.8293141e+00   9.4286378e-01  -3.4636942e+02   6.2480516e+01  -3.6949661e+02   6.4725637e+01
  -3.1285471e+02   6.3311874e+01  -3.6175197e+02   7.0451599e+01  -6.7712394e+00   7.9712677e-01  -3.5858742e+02   6.4138080e+01  -3.8236557e+02   6.7005579e+01
  -3.2313075e+02   5.8607411e+01  -3.7333859e+02   7.0983483e+01  -6.7072987e+00   6.3019829e-01  -3.6974238e+02   6.5550481e+01  -3.9437485e+02   6.9162441e+01
  -3.3278795e+02   5.2678232e+01  -3.8389606e+02   7.0944636e+01  -6.6436894e+00   4.4297728e-01  -3.7965748e+02   6.6636469e+01  -4.0530038e+02   7.1099723e+01
  -3.4171801e+02   4.5542557e+01  -3.9326398e+02   7.0244111e+01  -6.5858551e+00   2.3778801e-01  -3.8818854e+02   6.7288107e+01  -4.1493716e+02   7.2694140e+01
  -3.4980864e+02   3.7257330e+01  -4.0130122e+02   6.8779039e+01  -6.5381129e+00   1.8349389e-02  -3.9522617e+02   6.7371799e+01  -4.2310668e+02   7.3797150e+01
  -3.5694204e+02   2.7917926e+01  -4.0788800e+02   6.6438163e+01  -6.5033784e+00  -2.1037952e-01  -4.0069581e+02   6.6732713e+01  -4.2966264e+02   7.4239051e+01
  -3.6299504e+02   1.7656861e+01  -4.1292754e+02   6.3107770e+01  -6.4830056e+00  -4.4246810e-01  -4.0455635e+02   6.5202576e+01  -4.3449483e+02   7.3835738e+01
  -3.6784150e+02   6.6413340e+00  -4.1634749e+02   5.8679780e+01  -6.4767497e+00  -6.7137668e-01  -4.0679762e+02   6.2610430e+01  -4.3753118e+02   7.2397978e+01
  -3.7135683e+02  -4.9305770e+00  -4.1810138e+02   5.3061440e+01  -6.4828517e+00  -8.9038325e-01  -4.0743743e+02   5.8795629e+01  -4.3873828e+02   6.9742816e+01
  -3.7342478e+02  -1.6835187e+01  -4.1817007e+02   4.6185851e+01  -6.4982317e+00  -1.0930389e+00  -4.0651847e+02   5.3622107e+01  -4.3812048e+02   6.5706463e+01
  -3.7394570e+02  -2.8829992e+01  -4.1656333e+02   3.8022430e+01  -6.5187718e+00  -1.2736127e+00  -4.0410548e+02   4.6992707e+01  -4.3571800e+02   6.0157802e+01
  -3.7284569e+02  -4.0661897e+01  -4.1332124e+02   2.8586249e+01  -6.5396609e+00  -1.4274886e+00  -4.0028299e+02   3.8862296e+01  -4.3160439e+02   5.3011490e+01
  -3.7008568e+02  -5.2076711e+01  -4.0851527e+02   1.7945254e+01  -6.5557714e+00  -1.5514791e+00  -3.9515342e+02   2.9248374e+01  -4.2588335e+02   4.4239549e+01
  -3.6566926e+02  -6.2829538e+01  -4.0224853e+02   6.2244553e+00  -6.5620375e+00  -1.6440294e+00  -3.8883563e+02   1.8238047e+01  -4.1868545e+02   3.3880340e+01
  -3.5964835e+02  -7.2695629e+01  -3.9465499e+02  -6.3936547e+00  -6.5538048e+00  -1.7052957e+00  -3.8146352e+02   5.9904583e+00  -4.1016446e+02   2.2043947e+01
  -3.5212572e+02  -8.1481071e+01  -3.8589709e+02  -1.9672857e+01  -6.5271273e+00  -1.7370897e+00  -3.7318428e+02  -7.2658851e+00  -4.0049351e+02   8.9131933e+00
  -3.4325387e+02  -8.9032666e+01  -3.7616165e+02  -3.3331252e+01  -6.4789924e+00  -1.7426968e+00  -3.6415606e+02  -2.1241023e+01  -3.8986083e+02  -5.2601672e+00
  -3.3322975e+02  -9.5246290e+01  -3.6565374e+02  -4.7053300e+01  -6.4074631e+00  -1.7265855e+00  -3.5454459e+02  -3.5596409e+01  -3.7846500e+02  -2.0164202e+01
  -3.2228564e+02  -1.0007306e+02  -3.5458874e+02  -6.0505214e+01  -6.3117334e+00  -1.6940318e+00  -3.4451855e+02  -4.9961992e+01  -3.6650963e+02  -3.5440182e+01
  -3.1067657e+02  -1.0352271e+02  -3.4318268e+02  -7.3352709e+01  -6.1921012e+00  -1.6506957e+00  -3.3424369e+02  -6.3956388e+01  -3.5419721e+02  -5.0699909e+01
  -2.9866524e+02  -1.0566381e+02  -3.3164157e+02  -8.5279869e+01  -6.0498695e+00  -1.6021834e+00  -3.2387589e+02  -7.7208716e+01  -3.4172237e+02  -6.5545912e+01
  -2.8650556e+02  -1.0662042e+02  -3.2015014e+02  -9.6007718e+01  -5.8871901e+00  -1.5536358e+00  -3.1355340e+02  -8.9380461e+01  -3.2926459e+02  -7.9593165e+01
  -2.7442633e+02  -1.0656547e+02  -3.0886116e+02  -1.0531104e+02  -5.7068703e+00  -1.5093756e+00  -3.0338905e+02  -1.0018569e+02  -3.1698065e+02  -9.2490785e+01
  -2.6261648e+02  -1.0571079e+02  -2.9788603e+02  -1.1303209e+02  -5.5121592e+00  -1.4726420e+00  -2.9346290e+02  -1.0940801e+02  -3.0499741e+02  -1.0394209e+02
  -2.5121328e+02  -1.0429470e+02  -2.8728771e+02  -1.1908998e+02  -5.3065351e+00  -1.4454330e+00  -2.8381643e+02  -1.1691294e+02  -2.9340531e+02  -1.1372148e+02
  -2.4029463e+02  -1.0256753e+02  -2.7707681e+02  -1.2348498e+02  -5.0935077e+00  -1.4284634e+00  -2.7444882e+02  -1.2265457e+02  -2.8225338e+02  -1.2168684e+02
  -2.2987645e+02  -1.0077638e+02  -2.6721141e+02  -1.2629723e+02  -4.8764472e+00  -1.4212371e+00  -2.6531610e+02  -1.2667613e+02  -2.7154633e+02  -1.2778635e+02
  -2.1991532e+02  -9.9149992e+01  -2.5760111e+02  -1.2767985e+02  -4.6584491e+00  -1.4222221e+00  -2.5633374e+02  -1.2910422e+02  -2.6124422e+02  -1.3205933e+02
  -2.1031638e+02  -9.7884855e+01  -2.4811508e+02  -1.2784705e+02  -4.4422355e+00  -1.4291062e+00  -2.4738269e+02  -1.3013721e+02  -2.5126528e+02  -1.3463070e+02
  -2.0094582e+02  -9.7133699e+01  -2.3859397e+02  -1.2705793e+02  -4.2300919e+00  -1.4391057e+00  -2.3831891e+02  -1.3002885e+02  -2.4149183e+02  -1.3569979e+02
  -1.9164680e+02  -9.6997214e+01  -2.2886468e+02  -1.2559754e+02  -4.0238349e+00  -1.4492954e+00  -2.2898574e+02  -1.2906831e+02  -2.3177940e+02  -1.3552418e+02
  -1.8225740e+02  -9.7519700e+01  -2.1875703e+02  -1.2375637e+02  -3.8248032e+00  -1.4569267e+00  -2.1922839e+02  -1.2755832e+02  -2.2196842e+02  -1.3439981e+02
  -1.7262875e+02  -9.8689045e+01  -2.0812089e+02  -1.2181032e+02  -3.6338634e+00  -1.4597048e+00  -2.0890923e+02  -1.2579332e+02  -2.1189796e+02  -1.3263917e+02
  -1.6264167e+02  -1.0044108e+02  -1.9684221e+02  -1.2000241e+02  -3.4514246e+00  -1.4559989e+00  -1.9792269e+02  -1.2403925e+02  -2.0142031e+02  -1.3054916e+02
  -1.5222006e+02  -1.0266797e+02  -1.8485652e+02  -1.1852798e+02  -3.2774552e+00  -1.4449699e+00  -1.8620814e+02  -1.2251666e+02  -1.9041531e+02  -1.2841037e+02
  -1.4133965e+02  -1.0523005e+02  -1.7215835e+02  -1.1752439e+02  -3.1114996e+00  -1.4266058e+00  -1.7375960e+02  -1.2138857e+02  -1.7880313e+02  -1.2645956e+02
  -1.3003103e+02  -1.0797007e+02  -1.5880558e+02  -1.1706611e+02  -2.9526940e+00  -1.4016684e+00  -1.6063082e+02  -1.2075372e+02  -1.6655416e+02  -1.2487664e+02
  -1.1837676e+02  -1.1072873e+02  -1.4491791e+02  -1.1716532e+02  -2.7997861e+00  -1.3715598e+00  -1.4693511e+02  -1.2064596e+02  -1.5369487e+02  -1.2377699e+02
  -1.0650247e+02  -1.1336013e+02  -1.3066929e+02  -1.1777802e+02  -2.6511618e+00  -1.3381300e+00  -1.3283945e+02  -1.2103920e+02  -1.4030884e+02  -1.2320978e+02
  -9.4562929e+01  -1.1574588e+02  -1.1627470e+02  -1.1881482e+02  -2.5048866e+00  -1.3034472e+00  -1.1855294e+02  -1.2185764e+02  -1.2653248e+02  -1.2316207e+02
  -8.2724395e+01  -1.1780653e+02  -1.0197208e+02  -1.2015526e+02  -2.3587677e+00  -1.2695596e+00  -1.0431037e+02  -1.2298995e+02  -1.1254541e+02  -1.2356819e+02
  -7.1144960e+01  -1.1950927e+02  -8.8001023e+01  -1.2166440e+02  -2.2104427e+00  -1.2382767e+00  -9.0352178e+01  -1.2430590e+02  -9.8555992e+01  -1.2432333e+02
  -5.9955071e+01  -1.2087133e+02  -7.4579854e+01  -1.2320979e+02  -2.0574961e+00  -1.2109925e+00  -7.6902287e+01  -1.2567397e+02  -8.4783213e+01  -1.2529994e+02
  -4.9240302e+01  -1.2195839e+02  -6.1883422e+01  -1.2467742e+02  -1.8976039e+00  -1.1885720e+00  -6.4146004e+01  -1.2697790e+02  -7.1436108e+01  -1.2636525e+02
  -3.9028399e+01  -1.2287843e+02  -5.0023624e+01  -1.2598496e+02  -1.7286990e+00  -1.1713119e+00  -5.2210008e+01  -1.2813083e+02  -5.8692758e+01  -1.2739829e+02
  -2.9282268e+01  -1.2377116e+02  -3.9034787e+01  -1.2709100e+02  -1.5491508e+00  -1.1589784e+00  -4.1146561e+01  -1.2908555e+02  -4.6680737e+01  -1.2830458e+02
  -1.9900003e+01  -1.2479402e+02  -2.8865626e+01  -1.2799949e+02  -1.3579412e+00  -1.1509182e+00  -3.0923755e+01  -1.2983984e+02  -3.5461047e+01  -1.2902734e+02
  -1.0722424e+01  -1.2610605e+02  -1.9378986e+01  -1.2875896e+02  -1.1548244e+00  -1.1462275e+00  -2.1423207e+01  -1.3043652e+02  -2.5017343e+01  -1.2955391e+02
  -1.5478141e+00  -1.2785079e+02  -1.0359929e+01  -1.2945651e+02  -9.4045074e-01  -1.1439592e+00  -1.2445959e+01  -1.3095823e+02  -1.5251918e+01  -1.2991700e+02
   7.8472090e+00  -1.3013995e+02  -1.5319730e+00  -1.3020729e+02  -7.1643816e-01  -1.1433441e+00  -3.7266426e+00  -1.3151744e+02  -5.9893307e+00  -1.3019064e+02
   1.7682427e+01  -1.3303925e+02   7.4194814e+00  -1.3114052e+02  -4.8537634e-01  -1.1439988e+00   5.0448246e+00  -1.3224274e+02   3.0120460e+00  -1.3048120e+02
   2.8146674e+01  -1.3655783e+02   1.6818239e+01  -1.3238333e+02  -2.5075420e-01  -1.1460937e+00   1.4195494e+01  -1.3326296e+02   1.2041058e+01  -1.3091468e+02
   3.9371054e+01  -1.4064219e+02   2.6965232e+01  -1.3404426e+02  -1.6806257e-02  -1.1504622e+00   2.4037757e+01  -1.3469046e+02   2.1408596e+01  -1.3162119e+02
   5.1405509e+01  -1.4517553e+02   3.8106032e+01  -1.3619784e+02   2.1171853e-01  -1.1586304e+00   3.4836488e+01  -1.3660559e+02   3.1418108e+01  -1.3271866e+02
   6.4201335e+01  -1.4998253e+02   5.0400922e+01  -1.3887212e+02   4.2985445e-01  -1.1727648e+00   4.6777920e+01  -1.3904377e+02   4.2334232e+01  -1.3429701e+02
   7.7601865e+01  -1.5483952e+02   6.3900444e+01  -1.4204028e+02   6.3276482e-01  -1.1955336e+00   5.9943251e+01  -1.4198658e+02   5.4352318e+01  -1.3640478e+02
   9.1342864e+01  -1.5948919e+02   7.8529023e+01  -1.4561733e+02   8.1611099e-01  -1.2298956e+00   7.4289710e+01  -1.4535794e+02   6.7571737e+01  -1.3903935e+02
   1.0506337e+02  -1.6365883e+02   9.4078700e+01  -1.4946245e+02   9.7641558e-01  -1.2788317e+00   8.9641355e+01  -1.4902581e+02   8.1975714e+01  -1.4214198e+02
   1.1832676e+02  -1.6708056e+02   1.1021421e+02  -1.5338676e+02   1.1113883e+00  -1.3450442e+00   1.0569110e+02  -1.5280934e+02   9.7420004e+01  -1.4559814e+02
   1.3065082e+02  -1.6951202e+02   1.2648969e+02  -1.5716612e+02   1.2201840e+00  -1.4306519e+00   1.2201452e+02  -1.5649113e+02   1.1363209e+02  -1.4924334e+02
   1.4154481e+02  -1.7075560e+02   1.4237637e+02  -1.6055771e+02   1.3035661e+00  -1.5369114e+00   1.3809513e+02  -1.5983331e+02   1.3022173e+02  -1.5287391e+02
   1.5055049e+02  -1.7067483e+02   1.5729939e+02  -1.6331909e+02   1.3639543e+00  -1.6639901e+00   1.5335941e+02  -1.6259618e+02   1.4670273e+02  -1.5626182e+02
   1.5728391e+02  -1.6920625e+02   1.7068123e+02  -1.6522792e+02   1.4053455e+00  -1.8108175e+00   1.6721947e+02  -1.6455769e+02   1.6252473e+02  -1.5917227e+02
   1.6147406e+02  -1.6636593e+02   1.8198843e+02  -1.6610063e+02   1.4331064e+00  -1.9750297e+00   1.7911986e+02  -1.6553196e+02   1.7711299e+02  -1.6138242e+02
   1.6299500e+02  -1.6224979e+02   1.9077766e+02  -1.6580828e+02   1.4536469e+00  -2.1530157e+00   1.8858484e+02  -1.6538517e+02   1.8991311e+02  -1.6269954e+02
   1.6188811e+02  -1.5702782e+02   1.9673731e+02  -1.6428817e+02   1.4739961e+00  -2.3400654e+00   1.9526217e+02  -1.6404726e+02   2.0043723e+02  -1.6297692e+02
   1.5837198e+02  -1.5093241e+02   1.9972083e+02  -1.6155000e+02   1.5013106e+00  -2.5306084e+00   1.9895936e+02  -1.6151850e+02   2.0830772e+02  -1.6212604e+02
   1.5283840e+02  -1.4424187e+02   1.9976857e+02  -1.5767616e+02   1.5423524e+00  -2.7185254e+00   1.9966900e+02  -1.5787009e+02   2.1329457e+02  -1.6012396e+02
   1.4583398e+02  -1.3726030e+02   1.9711564e+02  -1.5281581e+02   1.6029797e+00  -2.8975075e+00   1.9758051e+02  -1.5323893e+02   2.1534289e+02  -1.5701514e+02
   1.3802814e+02  -1.3029550e+02   1.9218465e+02  -1.4717349e+02   1.6876922e+00  -3.0614325e+00   1.9307653e+02  -1.4781678e+02   2.1458771e+02  -1.5290765e+02
   1.3016948e+02  -1.2363673e+02   1.8556303e+02  -1.4099314e+02   1.7992723e+00  -3.2047294e+00   1.8671359e+02  -1.4183501e+02   2.1135403e+02  -1.4796404e+02
   1.2303359e+02  -1.1753412e+02   1.7796616e+02  -1.3453888e+02   1.9385529e+00  -3.3226998e+00   1.7918796e+02  -1.3554611e+02   2.0614158e+02  -1.4238777e+02
   1.1736607e+02  -1.1218133e+02   1.7018877e+02  -1.2807440e+02   2.1043383e+00  -3.4117715e+00   1.7128876e+02  -1.2920378e+02   1.9959470e+02  -1.3640650e+02
   1.1382540e+02  -1.0770302e+02   1.6304804e+02  -1.2184268e+02   2.2934861e+00  -3.4696659e+00   1.6384175e+02  -1.2304330e+02   1.9245909e+02  -1.3025375e+02
   1.1292999e+02  -1.0414790e+02   1.5732270e+02  -1.1604791e+02   2.5011493e+00  -3.4954675e+00   1.5764792e+02  -1.1726388e+02   1.8552866e+02  -1.2415059e+02
   1.1501421e+02  -1.0148807e+02   1.5369295e+02  -1.1084110e+02   2.7211612e+00  -3.4895942e+00   1.5342177e+02  -1.1201476e+02   1.7958626e+02  -1.1828907e+02
   1.2019692e+02  -9.9624474e+01   1.5268598e+02  -1.0631067e+02   2.9465328e+00  -3.4536757e+00   1.5173425e+02  -1.0738589e+02   1.7534304e+02  -1.1281890e+02
   1.2836566e+02  -9.8397994e+01   1.5463181e+02  -1.0247880e+02   3.1700241e+00  -3.3903548e+00   1.5296517e+02  -1.0340427e+02   1.7338133e+02  -1.0783831e+02
   1.3917816e+02  -9.7605114e+01   1.5963318e+02  -9.9303646e+01   3.3847402e+00  -3.3030327e+00   1.5726920e+02  -1.0003595e+02   1.7410592e+02  -1.0339012e+02
   1.5208161e+02  -9.7016764e+01   1.6755243e+02  -9.6687186e+01   3.5847023e+00  -3.1955857e+00   1.6455864e+02  -9.7193368e+01   1.7770797e+02  -9.9462895e+01
   1.6634861e+02  -9.6398654e+01   1.7801676e+02  -9.4487739e+01   3.7653434e+00  -3.0720774e+00   1.7450486e+02  -9.4747259e+01   1.8414497e+02  -9.5997102e+01
   1.8112749e+02  -9.5531330e+01   1.9044216e+02  -9.2535931e+01   3.9238854e+00  -2.9364950e+00   1.8655873e+02  -9.2541819e+01   1.9313882e+02  -9.2895405e+01
   1.9550324e+02  -9.4228206e+01   2.0407424e+02  -9.0652454e+01   4.0595621e+00  -2.7925296e+00   1.9998894e+02  -9.0411564e+01   2.0419290e+02  -9.0035897e+01
   2.0856468e+02  -9.2350052e+01   2.1804350e+02  -8.8665873e+01   4.1736674e+00  -2.6434169e+00   2.1393556e+02  -8.8198203e+01   2.1662699e+02  -8.7286857e+01
   2.1947263e+02  -8.9814720e+01   2.3143056e+02  -8.6428751e+01   4.2694214e+00  -2.4918478e+00   2.2747480e+02  -8.5765872e+01   2.2962790e+02  -8.4521448e+01
   2.2752384e+02  -8.6601376e+01   2.4333666e+02  -8.3830546e+01   4.3516652e+00  -2.3399478e+00   2.3969014e+02  -8.3013223e+01   2.4231205e+02  -8.1630824e+01
   2.3220561e+02  -8.2748968e+01   2.5295378e+02  -8.0806077e+01   4.4264071e+00  -2.1893199e+00   2.4974419e+02  -7.9881265e+01   2.5379496e+02  -7.8534322e+01
   2.3323688e+02  -7.8349201e+01   2.5962890e+02  -7.7338833e+01   4.5002609e+00  -2.0411360e+00   2.5694553e+02  -7.6356254e+01   2.6326246e+02  -7.5185726e+01
   2.3059216e+02  -7.3534796e+01   2.6291708e+02  -7.3458902e+01   4.5798218e+00  -1.8962581e+00   2.6080513e+02  -7.2467464e+01   2.7003757e+02  -7.1575057e+01
   2.2450660e+02  -6.8464219e+01   2.6261916e+02  -6.9235869e+01   4.6710377e+00  -1.7553689e+00   2.6107769e+02  -6.8280201e+01   2.7363768e+02  -6.7725808e+01
   2.1546143e+02  -6.3304371e+01   2.5880070e+02  -6.4767541e+01   4.7786291e+00  -1.6190896e+00   2.5778437e+02  -6.3884917e+01   2.7381704e+02  -6.3688068e+01
   2.0415080e+02  -5.8212940e+01   2.5179056e+02  -6.0165790e+01   4.9056106e+00  -1.4880661e+00   2.5121477e+02  -5.9383676e+01   2.7059095e+02  -5.9528400e+01
   1.9143247e+02  -5.3322081e+01   2.4215882e+02  -5.5541094e+01   5.0529588e+00  -1.3630090e+00   2.4190788e+02  -5.4875529e+01   2.6423923e+02  -5.5317754e+01
   1.7826599e+02  -4.8725015e+01   2.3067574e+02  -5.0987505e+01   5.2194559e+00  -1.2446812e+00   2.3061317e+02  -5.0442430e+01   2.5528840e+02  -5.1118869e+01
   1.6564316e+02  -4.4466799e+01   2.1825467e+02  -4.6569745e+01   5.4017271e+00  -1.1338309e+00   2.1823472e+02  -4.6137331e+01   2.4447370e+02  -4.6974732e+01
   1.5451592e+02  -4.0540178e+01   2.0588325e+02  -4.2313883e+01   5.5944702e+00  -1.0310783e+00   2.0576272e+02  -4.1975839e+01   2.3268363e+02  -4.2899560e+01
   1.4572717e+02  -3.6886907e+01   1.9454834e+02  -3.8202735e+01   5.7908595e+00  -9.3677095e-01   1.9419757e+02  -3.7932455e+01   2.2089137e+02  -3.8873495e+01
   1.3994982e+02  -3.3404434e+01   1.8516034e+02  -3.4176605e+01   5.9830902e+00  -8.5082611e-01   1.8447262e+02  -3.3941974e+01   2.1007840e+02  -3.4841846e+01
   1.3763848e+02  -2.9957342e+01   1.7848300e+02  -3.0139425e+01   6.1630178e+00  -7.7258463e-01   1.7738165e+02  -2.9906035e+01   2.0115645e+02  -3.0719193e+01
   1.3899741e+02  -2.6392451e+01   1.7507410e+02  -2.5969814e+01   6.3228373e+00  -7.0069891e-01   1.7351668e+02  -2.5704288e+01   1.9489403e+02  -2.6398148e+01
   1.4396707e+02  -2.2556179e+01   1.7524177e+02  -2.1535990e+01   6.4557423e+00  -6.3307719e-01   1.7322132e+02  -2.1209121e+01   1.9185360e+02  -2.1762010e+01
   1.5222994e+02  -1.8312490e+01   1.7901979e+02  -1.6713056e+01   6.5565072e+00  -5.6690058e-01   1.7656309e+02  -1.6302478e+01   1.9234446e+02  -1.6700102e+01
   1.6323508e+02  -1.3559696e+01   1.8616396e+02  -1.1400859e+01   6.6219403e+00  -4.9872279e-01   1.8332715e+02  -1.0893008e+01   1.9639545e+02  -1.1124196e+01
   1.7623923e+02  -8.2444764e+00   1.9616973e+02  -5.5405157e+00   6.6511684e+00  -4.2465355e-01   1.9303175e+02  -4.9316928e+00   2.0374962e+02  -4.9842258e+00
   1.9036134e+02  -2.3716678e+00   2.0830966e+02   8.7229631e-01   6.6457252e+00  -3.4061767e-01   2.0496436e+02   1.5758368e+00   2.1388163e+02   1.7185435e+00
   2.0464604e+02   3.9912083e+00   2.2168801e+02   7.7788669e+00   6.6094364e+00  -2.4267251e-01   2.1823549e+02   8.5618186e+00   2.2603659e+02   8.9225544e+00
   2.1813140e+02   1.0715289e+01   2.3530790e+02   1.5055029e+01   6.5481091e+00  -1.2735877e-01   2.3184601e+02   1.5894823e+01   2.3928725e+02   1.6502551e+01
