   1.5055029e+01
   2.2515420e+01
   2.9924450e+01
   3.7013332e+01
   4.3501896e+01
   4.9123414e+01
   5.3650237e+01
   5.6917911e+01
   5.8845430e+01
   5.9449555e+01
   5.8851533e+01
   5.7275213e+01
   5.5036227e+01
   5.2522710e+01
   5.0168786e+01
   4.8422715e+01
   4.7712128e+01
   4.8409120e+01
   5.0798059e+01
   5.5048856e+01
   6.1198041e+01
   6.9139440e+01
   7.8625503e+01
   8.9279467e+01
   1.0061773e+02
   1.1208093e+02
   1.2307152e+02
   1.3299512e+02
   1.4130258e+02
   1.4752960e+02
   1.5133085e+02
   1.5250618e+02
   1.5101683e+02
   1.4699037e+02
   1.4071421e+02
   1.3261798e+02
   1.2324626e+02
   1.1322353e+02
   1.0321409e+02
   9.3879679e+01
   8.5837873e+01
   7.9624091e+01
   7.5659749e+01
   7.4228533e+01
   7.5462151e+01
   7.9336168e+01
   8.5675791e+01
   9.4170774e+01
   1.0439801e+02
   1.1584989e+02
   1.2796633e+02
   1.4016795e+02
   1.5188849e+02
   1.6260412e+02
   1.7185825e+02
   1.7928056e+02
   1.8459953e+02
   1.8764843e+02
   1.8836490e+02
   1.8678506e+02
   1.8303291e+02
   1.7730648e+02
   1.6986182e+02
   1.6099613e+02
  -1.5103121e+02
  -1.4029803e+02
  -1.2912316e+02
  -1.1781748e+02
  -1.0666724e+02
  -9.5927552e+01
  -8.5818069e+01
  -7.6520465e+01
  -6.8177497e+01
  -6.0893232e+01
  -5.4734173e+01
  -4.9731071e+01
  -4.5881282e+01
  -4.3151618e+01
  -4.1481663e+01
  -4.0787583e+01
  -4.0966405e+01
  -4.1900733e+01
  -4.3463786e+01
  -4.5524561e+01
  -4.7952876e+01
  -5.0623969e+01
  -5.3422326e+01
  -5.6244416e+01
  -5.9000076e+01
  -6.1612399e+01
  -6.4016101e+01
  -6.6154519e+01
  -6.7975542e+01
  -6.9426931e+01
  -7.0451599e+01
  -7.0983483e+01
  -7.0944636e+01
  -7.0244111e+01
  -6.8779039e+01
  -6.6438163e+01
  -6.3107770e+01
  -5.8679780e+01
  -5.3061440e+01
  -4.6185851e+01
  -3.8022430e+01
  -2.8586249e+01
  -1.7945254e+01
  -6.2244553e+00
  -6.3936547e+00
  -1.9672857e+01
  -3.3331252e+01
  -4.7053300e+01
  -6.0505214e+01
  -7.3352709e+01
  -8.5279869e+01
  -9.6007718e+01
  -1.0531104e+02
  -1.1303209e+02
  -1.1908998e+02
  -1.2348498e+02
  -1.2629723e+02
  -1.2767985e+02
  -1.2784705e+02
  -1.2705793e+02
  -1.2559754e+02
  -1.2375637e+02
  -1.2181032e+02
  -1.2000241e+02
  -1.1852798e+02
  -1.1752439e+02
  -1.1706611e+02
  -1.1716532e+02
  -1.1777802e+02
  -1.1881482e+02
  -1.2015526e+02
  -1.2166440e+02
  -1.2320979e+02
  -1.2467742e+02
  -1.2598496e+02
  -1.2709100e+02
  -1.2799949e+02
  -1.2875896e+02
  -1.2945651e+02
   1.3020729e+02
   1.3114052e+02
   1.3238333e+02
   1.3404426e+02
   1.3619784e+02
   1.3887212e+02
   1.4204028e+02
   1.4561733e+02
   1.4946245e+02
   1.5338676e+02
   1.5716612e+02
   1.6055771e+02
   1.6331909e+02
   1.6522792e+02
   1.6610063e+02
   1.6580828e+02
   1.6428817e+02
   1.6155000e+02
   1.5767616e+02
   1.5281581e+02
   1.4717349e+02
   1.4099314e+02
   1.3453888e+02
   1.2807440e+02
   1.2184268e+02
   1.1604791e+02
   1.1084110e+02
   1.0631067e+02
   1.0247880e+02
   9.9303646e+01
   9.6687186e+01
   9.4487739e+01
   9.2535931e+01
   9.0652454e+01
   8.8665873e+01
   8.6428751e+01
   8.3830546e+01
   8.0806077e+01
   7.7338833e+01
   7.3458902e+01
   6.9235869e+01
   6.4767541e+01
   6.0165790e+01
   5.5541094e+01
   5.0987505e+01
   4.6569745e+01
   4.2313883e+01
   3.8202735e+01
   3.4176605e+01
   3.0139425e+01
   2.5969814e+01
   2.1535990e+01
   1.6713056e+01
   1.1400859e+01
   5.5405157e+00
   8.7229631e-01
   7.7788669e+00
   1.5055029e+01
