   2.5922913e+02
   2.6770617e+02
   2.7291098e+02
   2.7441047e+02
   2.7203505e+02
   2.6588892e+02
   2.5634003e+02
   2.4399042e+02
   2.2962978e+02
   2.1417574e+02
   1.9860585e+02
   1.8388631e+02
   1.7090299e+02
   1.6039967e+02
   1.5292800e+02
   1.4881253e+02
   1.4813296e+02
   1.5072433e+02
   1.5619471e+02
   1.6395832e+02
   1.7328128e+02
   1.8333603e+02
   1.9326035e+02
   2.0221631e+02
   2.0944514e+02
   2.1431413e+02
   2.1635279e+02
   2.1527616e+02
   2.1099438e+02
   2.0360870e+02
   1.9339497e+02
   1.8077668e+02
   1.6629001e+02
   1.5054400e+02
   1.3417887e+02
   1.1782552e+02
   1.0206886e+02
   8.7417144e+01
   7.4278799e+01
   6.2947579e+01
   5.3596204e+01
   4.6277966e+01
   4.0935326e+01
   3.7414078e+01
   3.5481476e+01
   3.4846628e+01
   3.5181537e+01
   3.6141362e+01
   3.7382762e+01
   3.8579524e+01
   3.9434991e+01
   3.9691182e+01
   3.9134711e+01
   3.7599879e+01
   3.4969379e+01
   3.1173143e+01
   2.6185832e+01
   2.0023368e+01
   1.2738834e+01
   4.4179367e+00
   4.8259067e+00
   1.4856827e+01
  -2.5522169e+01
  -3.6658600e+01
  -4.8098647e+01
  -5.9677607e+01
  -7.1240633e+01
  -8.2649734e+01
  -9.3790335e+01
  -1.0457696e+02
  -1.1495762e+02
  -1.2491651e+02
  -1.3447466e+02
  -1.4368840e+02
  -1.5264556e+02
  -1.6145950e+02
  -1.7026145e+02
  -1.7919141e+02
  -1.8838840e+02
  -1.9798056e+02
  -2.0807595e+02
  -2.1875455e+02
  -2.3006202e+02
  -2.4200567e+02
  -2.5455272e+02
  -2.6763106e+02
  -2.8113203e+02
  -2.9491522e+02
  -3.0881458e+02
  -3.2264539e+02
  -3.3621163e+02
  -3.4931309e+02
  -3.6175197e+02
  -3.7333859e+02
  -3.8389606e+02
  -3.9326398e+02
  -4.0130122e+02
  -4.0788800e+02
  -4.1292754e+02
  -4.1634749e+02
  -4.1810138e+02
  -4.1817007e+02
  -4.1656333e+02
  -4.1332124e+02
  -4.0851527e+02
  -4.0224853e+02
  -3.9465499e+02
  -3.8589709e+02
  -3.7616165e+02
  -3.6565374e+02
  -3.5458874e+02
  -3.4318268e+02
  -3.3164157e+02
  -3.2015014e+02
  -3.0886116e+02
  -2.9788603e+02
  -2.8728771e+02
  -2.7707681e+02
  -2.6721141e+02
  -2.5760111e+02
  -2.4811508e+02
  -2.3859397e+02
  -2.2886468e+02
  -2.1875703e+02
  -2.0812089e+02
  -1.9684221e+02
  -1.8485652e+02
  -1.7215835e+02
  -1.5880558e+02
  -1.4491791e+02
  -1.3066929e+02
  -1.1627470e+02
  -1.0197208e+02
  -8.8001023e+01
  -7.4579854e+01
  -6.1883422e+01
  -5.0023624e+01
  -3.9034787e+01
  -2.8865626e+01
  -1.9378986e+01
  -1.0359929e+01
   1.5319730e+00
   7.4194814e+00
   1.6818239e+01
   2.6965232e+01
   3.8106032e+01
   5.0400922e+01
   6.3900444e+01
   7.8529023e+01
   9.4078700e+01
   1.1021421e+02
   1.2648969e+02
   1.4237637e+02
   1.5729939e+02
   1.7068123e+02
   1.8198843e+02
   1.9077766e+02
   1.9673731e+02
   1.9972083e+02
   1.9976857e+02
   1.9711564e+02
   1.9218465e+02
   1.8556303e+02
   1.7796616e+02
   1.7018877e+02
   1.6304804e+02
   1.5732270e+02
   1.5369295e+02
   1.5268598e+02
   1.5463181e+02
   1.5963318e+02
   1.6755243e+02
   1.7801676e+02
   1.9044216e+02
   2.0407424e+02
   2.1804350e+02
   2.3143056e+02
   2.4333666e+02
   2.5295378e+02
   2.5962890e+02
   2.6291708e+02
   2.6261916e+02
   2.5880070e+02
   2.5179056e+02
   2.4215882e+02
   2.3067574e+02
   2.1825467e+02
   2.0588325e+02
   1.9454834e+02
   1.8516034e+02
   1.7848300e+02
   1.7507410e+02
   1.7524177e+02
   1.7901979e+02
   1.8616396e+02
   1.9616973e+02
   2.0830966e+02
   2.2168801e+02
   2.3530790e+02
